-Main
game.Players.LocalPlayer.Character.HumanoidRootPart.CFrame = CFrame.new(614.101135, 10.6982927, 296.888, -0.97473973, -9.31470812e-09, 0.223343864, -4.0264756e-09, 1, 2.41329303e-08, -0.223343864, 2.26240378e-08, -0.97473973)

-Zone 1
game.Players.LocalPlayer.Character.HumanoidRootPart.CFrame = CFrame.new(589.402771, 11.1706018, 411.277557, -0.989360154, 5.2878617e-09, 0.145486906, -3.80556593e-11, 1, -3.6604753e-08, -0.145486906, -3.62208219e-08, -0.989360154)

-Zone 2
game.Players.LocalPlayer.Character.HumanoidRootPart.CFrame = CFrame.new(570.113464, 10.4942465, 716.335571, -0.968421757, -9.69806813e-09, 0.249317586, -1.38264261e-10, 1, 3.83613923e-08, -0.249317586, 3.71155373e-08, -0.968421757)

-Zone 3
game.Players.LocalPlayer.Character.HumanoidRootPart.CFrame = CFrame.new(489.381866, 10.4942465, 1314.82959, -0.992829263, 6.5103678e-10, 0.11954096, -4.92618056e-12, 1, -5.48705348e-09, -0.11954096, -5.44829604e-09, -0.992829263)

-Zone 4
game.Players.LocalPlayer.Character.HumanoidRootPart.CFrame = CFrame.new(469.266907, 10.4942465, 1621.88806, -0.999715984, 1.65077352e-09, 0.0238318164, -6.24374025e-11, 1, -7.18868094e-08, -0.0238318164, -7.18678805e-08, -0.999715984)

-Zone 5
game.Players.LocalPlayer.Character.HumanoidRootPart.CFrame = CFrame.new(450.684631, 10.4942465, 1935.25854, -0.995563447, 5.39014777e-10, 0.094092913, 3.61321817e-09, 1, 3.25016316e-08, -0.094092913, 3.26974146e-08, -0.995563447)

-Zone 6
game.Players.LocalPlayer.Character.HumanoidRootPart.CFrame = CFrame.new(450.684631, 10.4942465, 1935.25854, -0.995563447, 5.39014777e-10, 0.094092913, 3.61321817e-09, 1, 3.25016316e-08, -0.094092913, 3.26974146e-08, -0.995563447)
